dirtyCache=false
sortingAscending=true
sortingColumn=-1
table_col_0=0.015686275
table_col_1=0.65882355
table_col_2=0.13725491
table_col_3=0.20392157
