dirtyCache=false
sortingAscending=true
sortingColumn=-1
table_col_0=0.015686275
<<<<<<< HEAD
table_col_1=0.66039217
table_col_2=0.13803922
table_col_3=0.20156863
=======
table_col_1=0.65882355
table_col_2=0.13725491
table_col_3=0.20392157
>>>>>>> 405e4781ec7ec4deb4521e193b48c8b7d7eb724d
