dirtyCache=false
sortingAscending=true
sortingColumn=-1
table_col_0=0.02181025
table_col_1=0.65976006
table_col_2=0.1395856
table_col_3=0.20065431
